11111111110111011101111011110110
11111111111111111111111111110111
11101111111111111111111111111111
11110111111111111111111111111111
11111111111111111111111111110011
01111111111111111111111111111111
01111111111111001111111111111111
11101111111111111111111111110111
10111111110111111111100111111101
11111111111011111111111011111111
11111110111110110111111111111111
11111111001111111111110011111111
01111111111111111111111111111111
11111111111110100111111111111111
10111111111111101111111101111111
11011111111010111111111111111111
11111111111010111111001111111111
10111011111111111011111111111011
11110111111111111011111111111111
11011111111111101101111111101111
11111111111111111111111111111101
11111111111011111111111011111111
11111111110101111011111111111110
11111111111011111111111111111111
11111111011111011111111111111111
01111111111111111110111111111111
11111111111101111111111111111111
11111111101111101111110111101111
11111101111111111111101111111111
11011101111111111111111111111011
11001111111111111111101111111111
11111111111010111010111111101111
11111111011111011110111101111111
11011111111111111111111011111011
10101110011111111111111111111111
11111111110111111111111111101110
11111101111111111111111111111111
11111111111111011111111111111111
10111111101100111111111111111111
11110111111111111011111111111111
11111011111111111111111101101111
11111011111011111111101111011111
11001011111111110111111111111101
11111111111111111101111011111111
11111111111111101011111110111111
11110011011111111111111111111111
11110010111111101111111111011111
11111110111111110111111111111111
01111111111111001111111111111101
11101111111101111111100001111011
